1800
1801
1802
1803
1805
1806
1807
1809
1810
1811
1813
1814
1815
1817
1818
1819
1821
1822
1823
1825
1826
1827
1829
1830
1831
1833
1834
1835
1837
1838
1839
1841
1842
1843
1845
1846
1847
1849
1850
1851
1853
1854
1855
1857
1858
1859
1861
1862
1863
1865
1866
1867
1869
1870
1871
1873
1874
1875
1877
1878
1879
1881
1882
1883
1885
1886
1887
1889
1890
1891
1893
1894
1895
1897
1898
1899
1900
1901
1902
1903
1905
1906
1907
1909
1910
1911
1913
1914
1915
1917
1918
1919
1921
1922
1923
1925
1926
1927
1929
1930
1931
1933
1934
1935
1937
1938
1939
1941
1942
1943
1945
1946
1947
1949
1950
1951
1953
1954
1955
1957
1958
1959
1961
1962
1963
1965
1966
1967
1969
1970
1971
1973
1974
1975
1977
1978
1979
1981
1982
1983
1985
1986
1987
1989
1990
1991
1993
1994
1995
1997
1998
1999
2001
2002
2003
2005
2006
2007
2009
2010
2011
2013
2014
2015
2017
2018
2019
2021
2022
2023
